2604.14089
2606.30809
2608.22896
2602.11862
2511.16144
2602.06991
2603.16301
2603.18510
2604.06830
2603.19076
2606.00307
2512.25008
2604.12837
2510.16205
2607.02005
2604.24707
2606.26046
2509.20757
2604.09480
2602.05508
2601.11617
2511.17792
2511.06840
2511.22609
2606.14879
2601.12277
2511.11011
2606.04907
2606.30367
2604.07957
2602.01644
2604.16482
2601.05529
2603.21577
2604.07973
2510.17439
2602.19710
2602.17659
2607.03283
2511.13719
2602.07055
2510.01607
2509.02437
2605.05945
2604.07331
2602.18174
2604.24033
2607.06464
