2602.01801
2410.20502
2502.01776
2503.19881
2511.12072
2605.08567
2411.17470
2606.25473
2509.09547
2412.01429
2501.09019
2512.13604
2605.19242
2409.14149
2410.12822
2410.08151
2411.02385
2412.04446
2501.03847
2501.07563
2503.22622
2510.19193
2511.12099
2512.12751
2601.03665
2601.16515
2603.05449
2603.09721
2605.17923
2605.19728
2606.12471
2608.05948
2608.14022
2411.02397
2411.06449
2411.16748
2412.06016
2412.09600
2412.18597
2502.06155
2502.15077
2506.04213
2507.02608
2507.08801
2509.24695
2510.08131
2511.00107
2602.05449
2602.05966
2604.04451
2604.08503
2605.15178
2605.24322
2607.02461
2410.01594
2411.17459
2502.03897
2502.04847
2502.17863
2505.14167
2505.14357
2505.21996
2507.05963
2507.13343
2511.12056
2511.21780
2512.24551
2601.12719
2606.06497
2607.06558
