2606.12604
2603.22264
2407.03162
2605.12182
2607.15890
2602.09013
2606.06033
2608.16572
2410.24221
2505.11709
2507.12440
2509.05513
2510.01607
2511.17366
2607.08341
2506.09384
2509.10952
2511.00153
2603.05804
2605.12297
2606.03268
2606.10614
2606.15434
2606.16272
2606.16436
2607.11481
2608.04196
2608.07045
2608.12122
2608.15560
2503.07017
2504.06084
2511.09484
2512.13644
2602.10106
2602.11464
2602.16710
2603.17065
2603.17851
2603.27012
2603.29213
2604.10809
2605.03452
2605.23762
2606.11628
2606.19333
2606.27239
2607.09519
2607.11874
2607.27784
2608.14028
2609.07747
2505.21864
2506.17198
2509.19626
2602.23893
2603.17323
2605.05712
2605.12498
2606.08828
