2405.01527
2407.03162
2409.12259
2409.19499
2410.24221
2501.02973
2503.00779
2503.07017
2504.06084
2505.11709
2505.20290
2505.21864
2506.09384
2506.17198
2507.12440
2508.09976
2509.04443
2509.05513
2509.10952
2509.15212
2509.19626
2509.21986
2510.01607
2511.00153
2511.04671
2511.09484
2511.15704
2511.17366
2512.13644
2512.16793
2512.24310
2602.09013
2602.10106
2602.11464
2602.16710
2602.23893
2603.03243
2603.05804
2603.08485
2603.11383
2603.17065
2603.17323
2603.17851
2603.22264
2603.27012
2603.29213
2604.10809
2604.27621
2605.03452
2605.05712
2605.05945
2605.12182
2605.12297
2605.12498
2605.23762
2606.03268
2606.06033
2606.06627
2606.08057
2606.08828
2606.10614
2606.10743
2606.11628
2606.12604
2606.15434
2606.16272
2606.16436
2606.19333
2606.27239
2606.28133
2606.29940
2607.08341
2607.09519
2607.11481
2607.11874
2607.14183
2607.15890
2607.19745
2607.25895
2607.27784
2608.04196
2608.07045
2608.12122
2608.14028
2608.15560
2608.16572
2609.07747
