2212.10156
2305.10430
2312.07488
2312.14115
2312.14150
2402.12289
2406.15349
2410.23262
2411.11252
2411.15139
2501.09757
2503.09594
2503.19755
2503.23463
2506.13757
2507.00603
2509.20109
2511.00088
2511.19912
2512.13636
2512.16760
2603.01441
2604.08266
2605.12622
2605.12624
2605.12625
2605.17268
2605.21446
2605.26113
2605.31041
2605.31572
2606.08684
2606.12706
2606.14010
2607.01586
2607.01658
2607.02841
2607.04681
2608.10976
2608.12932
2608.13395
2608.14024
2608.30144
2609.04070
2609.15169
2609.18623
2609.24526
2609.27747
